var grassArr = [];
var grassEaterArr = [];
var predatorArr = [];
var coolArr = [];
var bonusArr = [];

var matrix = [
    // [0, 0, 0, 0, 0, 0, 0, 0, 0, 0, 0, 0, 0, 0, 0, 0, 0, 0, 0, 0],
    // [0, 0, 0, 0, 0, 0, 0, 0, 0, 0, 0, 0, 0, 0, 0, 0, 0, 0, 0, 0],
    // [0, 0, 0, 0, 0, 0, 0, 0, 0, 0, 0, 0, 0, 0, 0, 0, 0, 0, 0, 0],
    // [0, 0, 0, 1, 0, 0, 0, 0, 0, 0, 0, 0, 0, 0, 0, 0, 0, 0, 0, 0],
    // [0, 0, 0, 1, 0, 0, 0, 0, 0, 0, 0, 0, 0, 0, 0, 0, 0, 0, 0, 0],
    // [0, 0, 0, 0, 0, 0, 0, 0, 0, 0, 0, 0, 0, 0, 0, 0, 0, 0, 0, 0],
    // [0, 0, 0, 0, 0, 0, 0, 0, 0, 0, 0, 0, 0, 0, 0, 0, 0, 0, 0, 0],
    // [0, 0, 4, 4, 0, 0, 0, 0, 0, 0, 0, 0, 0, 0, 0, 0, 0, 0, 0, 0],
    // [0, 0, 4, 4, 0, 0, 0, 0, 0, 0, 0, 0, 0, 0, 0, 0, 0, 0, 0, 0],
    // [0, 0, 0, 0, 0, 0, 0, 0, 0, 0, 1, 0, 0, 0, 0, 0, 0, 0, 0, 0],
    // [0, 0, 0, 0, 0, 0, 0, 0, 0, 0, 0, 1, 0, 0, 0, 0, 0, 0, 0, 0],
    // [0, 0, 0, 0, 0, 0, 0, 0, 0, 0, 0, 0, 1, 0, 0, 0, 0, 0, 0, 0],
    // [0, 0, 0, 0, 0, 0, 0, 0, 4, 0, 0, 0, 0, 0, 0, 0, 0, 0, 0, 0],
    // [0, 0, 0, 0, 0, 0, 0, 4, 4, 4, 0, 0, 0, 0, 0, 0, 0, 0, 0, 0],
    // [0, 0, 0, 0, 0, 0, 0, 0, 4, 0, 0, 0, 0, 0, 0, 0, 0, 0, 0, 0],
    // [0, 0, 0, 0, 0, 0, 0, 0, 0, 0, 0, 0, 0, 0, 0, 0, 0, 0, 0, 0],
    // [0, 0, 0, 0, 0, 0, 0, 0, 0, 0, 0, 0, 0, 0, 0, 0, 0, 0, 0, 0],
    // [0, 0, 0, 0, 0, 0, 0, 0, 0, 0, 0, 0, 0, 0, 0, 0, 0, 0, 0, 0],
    // [0, 0, 0, 0, 0, 0, 0, 0, 0, 0, 0, 0, 0, 0, 0, 0, 0, 0, 0, 0],
    // [0, 0, 0, 0, 0, 0, 0, 0, 0, 0, 0, 0, 0, 0, 0, 0, 0, 0, 0, 0]
    // [4, 0, 0, 0, 0, 0, 0, 0, 0, 0, 1, 0, 0, 0, 0, 0, 0, 0, 0, 0, 0, 0, 1, 0, 0, 0, 0, 0, 0, 0, 0, 0, 0, 0, 0, 4],
    // [0, 4, 0, 0, 1, 0, 0, 0, 0, 0, 1, 0, 0, 0, 0, 0, 0, 0, 0, 0, 0, 0, 0, 0, 0, 0, 0, 0, 0, 0, 0, 0, 0, 0, 4, 0],
    // [0, 0, 4, 1, 0, 0, 0, 0, 0, 0, 1, 0, 0, 0, 2, 0, 0, 0, 0, 0, 0, 0, 1, 0, 0, 0, 0, 0, 0, 0, 0, 0, 0, 4, 0, 0],
    // [0, 0, 0, 4, 0, 0, 0, 0, 0, 0, 0, 0, 0, 0, 0, 0, 0, 0, 0, 0, 0, 0, 0, 0, 0, 0, 0, 0, 0, 0, 0, 0, 4, 0, 0, 0],
    // [1, 0, 1, 0, 0, 1, 0, 0, 0, 0, 0, 0, 0, 0, 0, 0, 0, 0, 0, 0, 0, 0, 1, 0, 0, 2, 0, 0, 0, 0, 0, 0, 2, 0, 0, 0],
    // [1, 0, 0, 0, 0, 0, 0, 2, 0, 0, 0, 0, 0, 0, 2, 0, 0, 0, 0, 0, 0, 0, 0, 0, 0, 0, 0, 0, 0, 0, 0, 0, 0, 0, 0, 0],
    // [0, 0, 0, 0, 0, 0, 0, 0, 1, 1, 0, 0, 0, 2, 2, 0, 0, 2, 0, 0, 0, 0, 1, 0, 0, 0, 0, 0, 0, 0, 0, 0, 0, 0, 0, 0],
    // [1, 0, 0, 0, 2, 0, 1, 1, 1, 1, 1, 1, 2, 0, 2, 2, 0, 5, 0, 0, 0, 0, 1, 0, 0, 0, 0, 0, 0, 0, 0, 1, 1, 0, 0, 0],
    // [0, 0, 0, 0, 0, 0, 1, 1, 2, 2, 1, 1, 2, 2, 2, 0, 5, 5, 5, 0, 0, 2, 1, 2, 0, 0, 0, 0, 0, 2, 1, 1, 1, 1, 0, 0],
    // [0, 0, 0, 0, 0, 0, 1, 1, 1, 1, 1, 1, 0, 0, 0, 2, 0, 5, 0, 0, 0, 1, 1, 1, 0, 0, 0, 0, 0, 0, 1, 1, 1, 1, 0, 0],
    // [1, 0, 0, 0, 0, 0, 0, 0, 1, 1, 0, 0, 2, 0, 0, 0, 0, 0, 0, 0, 0, 1, 1, 1, 0, 0, 0, 0, 0, 0, 0, 1, 1, 0, 0, 0],
    // [1, 0, 0, 0, 0, 0, 0, 3, 0, 0, 0, 0, 0, 0, 0, 0, 0, 2, 0, 0, 0, 1, 1, 1, 0, 0, 0, 0, 0, 0, 0, 0, 0, 0, 0, 0],
    // [0, 0, 0, 0, 0, 0, 0, 0, 0, 0, 0, 1, 0, 0, 0, 0, 0, 0, 0, 0, 0, 1, 1, 1, 0, 0, 0, 0, 0, 2, 0, 0, 0, 0, 2, 0],
    // [1, 0, 0, 0, 2, 0, 1, 1, 1, 1, 0, 0, 1, 2, 0, 0, 0, 1, 2, 0, 0, 3, 1, 1, 0, 0, 0, 0, 0, 0, 0, 0, 0, 0, 0, 0],
    // [0, 1, 1, 0, 0, 0, 0, 0, 1, 1, 0, 0, 1, 0, 0, 0, 4, 4, 0, 0, 0, 1, 1, 1, 0, 0, 5, 0, 0, 0, 0, 0, 0, 0, 0, 0],
    // [0, 0, 0, 1, 1, 1, 0, 1, 1, 1, 0, 0, 2, 0, 0, 0, 4, 4, 0, 0, 0, 1, 1, 1, 0, 5, 5, 5, 0, 0, 0, 0, 0, 0, 0, 0],
    // [1, 0, 0, 0, 2, 1, 0, 0, 0, 0, 0, 0, 2, 0, 1, 2, 0, 2, 0, 3, 0, 0, 1, 0, 0, 0, 5, 0, 0, 0, 0, 0, 0, 0, 0, 0],
    // [1, 0, 0, 0, 2, 1, 1, 0, 0, 0, 1, 1, 0, 0, 0, 0, 0, 0, 0, 0, 0, 0, 0, 0, 0, 2, 0, 0, 0, 0, 0, 0, 0, 0, 0, 0],
    // [0, 0, 0, 0, 2, 1, 1, 1, 1, 1, 1, 1, 0, 0, 0, 0, 0, 0, 3, 0, 0, 0, 1, 0, 0, 0, 0, 0, 0, 0, 0, 0, 2, 2, 0, 0],
    // [1, 0, 0, 0, 2, 1, 1, 1, 1, 2, 1, 1, 2, 0, 3, 0, 2, 1, 0, 0, 0, 0, 0, 0, 0, 0, 0, 0, 0, 0, 0, 0, 0, 0, 2, 0],
    // [0, 0, 0, 0, 0, 1, 1, 1, 1, 1, 1, 1, 0, 5, 0, 2, 0, 1, 0, 0, 0, 0, 1, 0, 0, 0, 0, 0, 0, 0, 0, 0, 0, 0, 0, 0],
    // [0, 2, 0, 0, 0, 1, 2, 1, 1, 1, 2, 1, 5, 5, 5, 0, 0, 0, 2, 0, 0, 0, 0, 0, 0, 0, 0, 0, 0, 2, 0, 0, 2, 0, 0, 0],
    // [1, 0, 0, 0, 0, 0, 0, 1, 1, 2, 1, 1, 0, 5, 0, 0, 0, 2, 0, 2, 0, 0, 1, 0, 0, 0, 0, 0, 0, 0, 0, 0, 0, 0, 0, 0],
    // [1, 0, 2, 0, 0, 0, 0, 1, 1, 1, 1, 1, 0, 0, 2, 1, 0, 0, 2, 0, 0, 0, 1, 0, 0, 0, 0, 0, 0, 0, 0, 0, 0, 0, 0, 0],
    // [0, 0, 2, 1, 0, 0, 2, 0, 1, 1, 1, 1, 0, 0, 0, 0, 0, 0, 0, 0, 0, 1, 1, 0, 0, 0, 0, 0, 0, 0, 0, 0, 0, 0, 0, 0],
    // [0, 0, 2, 0, 2, 0, 0, 0, 1, 1, 1, 1, 0, 1, 0, 0, 0, 0, 2, 1, 1, 1, 1, 0, 0, 0, 0, 0, 0, 0, 0, 0, 0, 0, 0, 0],
    // [0, 1, 2, 0, 0, 0, 1, 0, 1, 1, 1, 1, 0, 0, 0, 1, 0, 0, 0, 1, 1, 1, 1, 0, 0, 0, 0, 0, 0, 0, 0, 0, 0, 0, 0, 0],
    // [0, 0, 1, 4, 1, 0, 1, 0, 0, 0, 0, 0, 0, 0, 0, 0, 0, 2, 0, 0, 0, 0, 0, 0, 0, 0, 0, 0, 0, 0, 0, 0, 4, 0, 0, 0],
    // [0, 0, 4, 0, 0, 0, 1, 0, 0, 0, 0, 0, 0, 0, 0, 0, 0, 0, 0, 0, 2, 0, 1, 0, 0, 0, 0, 0, 2, 0, 0, 0, 0, 4, 0, 0],
    // [0, 4, 0, 1, 0, 2, 1, 0, 0, 0, 0, 0, 1, 0, 2, 0, 0, 0, 0, 0, 0, 0, 0, 0, 0, 0, 0, 0, 0, 0, 0, 0, 0, 0, 4, 0],
    // [4, 0, 0, 0, 2, 0, 1, 0, 0, 0, 0, 0, 0, 0, 0, 0, 0, 0, 0, 0, 0, 0, 1, 0, 0, 0, 0, 1, 0, 0, 0, 0, 0, 0, 0, 4]
];
var side = 20;

function setup() {

    frameRate(5);
    createCanvas(matrix[0].length * side, matrix.length * side);
    background('#acacac');

    for (var y = 0; y < matrix.length; y++) {
        for (var x = 0; x < matrix[y].length; x++) {
            if (matrix[y][x] == 1) {
                grassArr.push(new Grass(x, y, 1));
            }
            else if (matrix[y][x] == 2) {
                grassEaterArr.push(new GrassEater(x, y, 2));
            }
            if (matrix[y][x] == 3) {
                predatorArr.push(new Predator(x, y, 3));
            }
            if (matrix[y][x] == 4) {
                coolArr.push(new Cool(x, y, 4));
            }
        }
    }

}
var express = require('express');
var app = express();
var server = require('http').Server(app);
var io = require('socket.io')(server);
var engine = require('./modules/engine');

app.set('port', process.env.PORT || 3000);

app.use(express.static('public'));


app.get('/', function(req, res){
  res.redirect('index.html');
});

server.listen(3000);


var matrix = getMatrix(80, 80);
var side = 12;
function setup() {
    var socket = io.connect('http://localhost:3000');

function draw() {
    var fr = frameCount;
    for (var y = 0; y < matrix.length; y++) {
        for (var x = 0; x < matrix[y].length; x++) {
            
            if(matrix[y][x] == 1 && frameCount % 120 <= 60) {   
                fill('green');
                rect(x * side, y * side, side, side);
            }
            else if (matrix[y][x] == 1 && frameCount % 60 >= 0) {
                fill('lightgreen');
                rect(x * side, y * side, side, side);
            }
            else if (matrix[y][x] == 0) {
                fill('grey');
                rect(x * side, y * side, side, side);
            }
            else if (matrix[y][x] == 2) {
                fill('orange');
                rect(x * side, y * side, side, side);
            }
            else if (matrix[y][x] == 3) {
                fill('red');
                rect(x * side, y * side, side, side);
            }
            else if (matrix[y][x] == 4) {
                fill('blue');
                rect(x * side, y * side, side, side);
            }
            else if (matrix[y][x] == 5) {
                fill('white');
                rect(x * side, y * side, side, side);
            }   
        }
    }
    for (var i in grassArr) {
        grassArr[i].mul();
    }
    for (var i in grassEaterArr) {
        grassEaterArr[i].eat();
    }
    for (var i in predatorArr) {
        predatorArr[i].eat();
    }
    for (var i in coolArr) {
        coolArr[i].eat();
    }
    for (var i in bonusArr) {
        bonusArr[i].eat();
    }
}
}